2.46860868000000
-1.57042684100000
-0.353057358000000
0.464213066000000
2.46860868000000
-4.13699479800000
0.955997298000000
-0.296948726000000
0.202961700000000
0.257814922000000
-1.46920214900000
2.55009608600000
3.54797837300000
-4.83136313200000
-0.571148659000000
0.312862860000000
1.05810710800000
0.512956533000000
-2.07980677200000
2.22319797100000
4.35223031000000
-5.95518457400000
2.75108623500000
-2.86258681000000
-2.40588193000000
-0.139601632000000
-1.78595354300000
2.98873613800000
9.87410748300000
-4.11118277400000
-2.57729188200000
-1.84293185900000
-0.0661301680000000
1.23375459400000
0.0326023850000000
-1.09862267600000
2.68201563000000
-3.91013100300000
1.34252876400000
-0.216017525000000
2.49371169900000
-1.92034269900000
2.18814445900000
-0.0584034790000000
2.61793360400000
-5.53625292500000
2.43221807400000
-2.21700873300000
-0.590704084000000
-0.590704084000000
-0.942058994000000
2.53118003400000
3.05790306100000
-4.69082802700000
0.612606047000000
0.612606047000000
-1.24109252200000
1.09428355100000
2.67431339500000
-0.0967746490000000
3.25959369900000
-5.78455731100000
2.96033888600000
-2.86610504900000
-1.32950611600000
-1.20419579900000
-0.506153608000000
0.539906475000000
4.16400551500000
-3.85779754800000
1.06594050500000
1.12780057600000
-0.117881784000000
0.272075604000000
0.434507576000000
-2.54205981400000
4.32885784200000
-4.69324652100000
1.44935763400000
0.868389463000000
-3.32340722600000
1.63279368200000
2.73996791200000
1.08170575600000
2.20774881500000
-6.10536893800000
2.86580420500000
-1.09924420700000
-2.21314725900000
-0.329519559000000
2.01372363300000
2.19253024700000
1.72175001600000
-4.57341950900000
2.19253024700000
-1.00444781500000
-2.15890299800000
1.72632394500000
-0.982660338000000
1.51880387600000
4.56982382100000
-5.26138750500000
0.0789069200000000
0.509092279000000
-1.90951020500000
0.882892436000000
1.18314509000000
-1.37970822500000
3.74685443100000
-5.17734052900000
2.07269495800000
0.580972045000000
-1.00848599700000
0.258608935000000
0.0639770470000000
0.799025284000000
3.28863905500000
-4.55496165900000
1.38685592700000
-0.233658592000000
-2.38482610000000
-0.755578555000000
0.436837244000000
1.77849316800000
4.42181070100000
-4.29322279500000
2.86155374300000
-2.06506740600000
-0.756444082000000
-0.00360932200000000
-0.193930849000000
0.277016916000000
3.40286842900000
-4.48217960300000
1.05356580000000
0.702712711000000
-2.34040155200000
1.47241814600000
-2.17702061200000
3.46543970900000
6.31465254600000
-5.87719488800000
-1.46667267900000
0.608779329000000
-1.30334316200000
0.372325907000000
-1.30334316200000
0.660117825000000
2.42458150600000
-4.88320835900000
1.23399020900000
2.79887923700000
1.18002479000000
0.332960246000000
0.417741659000000
-0.665371837000000
1.40613313100000
-4.26925443900000
1.18002479000000
0.417741659000000
-1.67944666600000
0.799902190000000
1.13195752900000
-1.28187045400000
2.76670639400000
-4.31391834000000
2.00002321300000
0.576646136000000
-0.907064821000000
1.02477914200000
0.921394253000000
-1.79574479200000
0.514580873000000
-3.30132900100000
2.77532950800000
0.768054838000000
-0.00471296600000000
0.343336227000000
1.08135817100000
-2.21730925300000
1.74973120200000
-5.12199835000000
2.31287838700000
1.85671658200000
-0.288862327000000
-0.0864319760000000
0.443973869000000
-0.725046745000000
1.83896706100000
-4.43137679400000
1.83896706100000
1.40980985100000
-5.12318189000000
1.96465069700000
1.10618072100000
-1.14821028500000
4.11448638800000
-4.61176699300000
3.18652705200000
0.511314309000000
0.297057385000000
0.625108406000000
-0.975826174000000
1.40110956200000
2.50522479100000
-4.47357366200000
0.860237114000000
-0.239337421000000
-2.98029085500000
-0.477051897000000
-0.0910177840000000
-0.875703878000000
8.57478566800000
-5.19536578400000
0.187741698000000
0.856902833000000
-0.761067558000000
1.39847585400000
-0.125942231000000
-1.01751254300000
2.65352764000000
-4.62771993100000
1.02740211300000
1.45283665700000
-1.12085544400000
-0.528608930000000
0.762039128000000
-0.203326330000000
2.18548317900000
-4.69232392400000
3.37746316900000
0.220129152000000
-3.38144539400000
1.72583242600000
1.31900563700000
-1.19273689800000
3.32128539000000
-4.64363560500000
2.91864133900000
-0.0669468940000000
-1.69057227800000
-0.577203550000000
1.77122437300000
0.631922187000000
2.64153712000000
-4.21168129800000
1.71116007100000
-0.276386625000000
1.08262900700000
-0.667073853000000
-0.111322910000000
-0.0161398690000000
3.04486207800000
-4.44273360600000
1.03164626000000
0.0781328920000000
-0.155121056000000
0.536639729000000
0.370319027000000
1.79638248300000
2.76824561500000
-5.06863859100000
1.85430700000000
-2.10213420600000
-0.772053058000000
0.512073482000000
1.46420904100000
-1.18481352500000
2.12646442300000
-4.63618884300000
1.72764117100000
0.762667308000000
-1.63328623200000
0.541748123000000
0.591183907000000
1.82142583000000
2.18389577800000
-4.08737342400000
-0.402962915000000
0.985368934000000
-3.88221068300000
3.36651984400000
0.534868704000000
-1.21714969000000
3.74490621100000
-4.76109891500000
1.60720986300000
0.606954665000000
0.841888339000000
1.45576591600000
-1.01381425600000
-0.275192257000000
2.59429031900000
-4.70633969800000
2.05109347300000
-0.947691834000000
-0.0896527190000000
1.99082018700000
-2.00348560800000
1.18222489100000
5.33251736500000
-5.42981668000000
-1.82888070500000
0.846273269000000
-1.86343015100000
1.21189332200000
0.755193554000000
1.21189332200000
3.82310356900000
-5.13070764500000
1.32722379500000
-1.33516976600000
-1.42298717700000
0.823449371000000
-0.658673944000000
1.87322444500000
2.52158988000000
-3.19683204100000
-0.549476839000000
0.609706307000000
-3.99952887500000
1.05864870600000
0.840630091000000
-0.0590832190000000
3.56880245800000
-4.51065465500000
1.38392239000000
1.71726310400000
-4.12656347000000
1.21929456100000
0.0927263840000000
2.04511832100000
2.26672565500000
-4.12656347000000
1.93817955700000
0.691082463000000
-2.97731235600000
2.24761761000000
-0.0889906600000000
0.269984360000000
4.24661476800000
-4.59262735900000
0.922886037000000
-0.0281724010000000
-2.51609238000000
-0.783959038000000
-1.48465854000000
2.99244898900000
3.06363627800000
-5.63870839700000
1.58426107000000
2.78307201800000
-3.73493112000000
-0.273053384000000
-0.695122680000000
1.88174471200000
3.08025546200000
-3.19093244600000
0.331871582000000
2.60016787500000
-1.26871792200000
1.19309869900000
-0.244929544000000
1.57897997700000
3.59611714200000
-4.09675140100000
-0.512867407000000
-0.244929544000000
-3.10559855300000
0.631881337000000
2.16891969600000
-0.120246118000000
3.57080170400000
-4.60062203600000
3.39288769700000
-1.93802372700000
-0.800754877000000
-0.0170402400000000
0.813196103000000
0.685207762000000
1.62840863100000
-4.32525519500000
0.855980006000000
1.16025781000000
-1.22086527600000
-0.105877985000000
0.948199434000000
-0.565312372000000
2.43058779200000
-4.65412346800000
1.69341905700000
1.47397281800000
-3.36010494900000
0.350370096000000
0.823617305000000
0.771230267000000
2.05691205500000
-1.91255873300000
2.18761077400000
-0.917076815000000
-0.127962253000000
-0.483017935000000
-1.73292910900000
0.883341601000000
3.36405817500000
-5.04643776500000
3.68544573000000
-0.542498445000000
-1.02514879600000
-0.216671275000000
-0.164495011000000
1.72468020700000
2.50144965500000
-4.53601994800000
1.08216547000000
0.634039697000000
-1.14450096200000
0.846386006000000
-2.08609254100000
2.63310451300000
2.41398267600000
-3.60401197500000
-0.737773522000000
1.67890580400000
-0.106720493000000
0.353159143000000
-0.671896732000000
1.02514292300000
1.50348738900000
-4.34765361200000
0.308286452000000
1.93619493100000
-1.19748531800000
0.387759109000000
-0.285886733000000
1.53067220000000
2.72054912000000
-4.60660446900000
0.0310747960000000
1.41992129700000
-1.15765620900000
-0.635560071000000
-1.10390145000000
2.10758384600000
3.02044604500000
-2.77065821500000
0.404503740000000
0.135242314000000
-2.37641601700000
0.0247560030000000
1.74388533400000
2.21056838200000
2.51501176100000
-5.35826527700000
2.15140184500000
-0.910942030000000
-3.45129808300000
0.447129120000000
0.180208981000000
3.28268941900000
2.57069256100000
-6.16044768400000
1.56551284300000
1.56551284300000
1.03879834300000
-0.0616628510000000
-0.682387821000000
-0.0131085530000000
2.02063174800000
-4.42134274400000
0.0351675950000000
2.08390428400000
1.14059157700000
0.284515621000000
-2.16005242800000
0.998139985000000
2.35399397500000
-3.90694336900000
0.526733208000000
0.763021429000000
-2.42760416500000
1.17896259800000
1.78545722800000
0.826777960000000
2.53349570600000
-5.26917495000000
1.37833366100000
-0.00624803700000000
-1.40981070600000
0.954840435000000
0.494394390000000
0.540582048000000
2.51372910000000
-4.58984205000000
1.04805721500000
0.448049568000000
-0.0151215200000000
0.711442998000000
0.415097022000000
-0.337043050000000
2.17945874500000
-4.24981315300000
0.541818925000000
0.754160033000000
-3.56150343000000
3.80392204800000
-1.20440818600000
0.726682553000000
4.58517201500000
-6.34171504800000
0.426434072000000
1.56541597600000
0.00726872900000000
0.457989197000000
-0.118106879000000
1.05183801800000
1.43183116700000
-2.77220438900000
-0.557602930000000
0.498987087000000
-3.33298592200000
0.419599743000000
1.56809754400000
1.93531505500000
3.03550799800000
-3.55719517900000
-0.312680364000000
0.244341125000000
-0.918655146000000
-0.00564463300000000
0.142148329000000
1.83243895100000
2.78873103600000
-4.51643305800000
-0.155406944000000
0.832821465000000
0.650964885000000
-0.266958515000000
-0.0845143370000000
0.780726768000000
1.79771923000000
-3.65492949500000
-0.361053879000000
1.13804534200000
-3.28895847900000
2.36021851200000
0.851292309000000
-0.868528802000000
2.79789446400000
-5.31038567700000
2.06947146200000
1.38899621000000
-0.210735202000000
1.60627213600000
-0.0581526910000000
1.43439978700000
2.69754984900000
-4.50917968400000
-0.749418995000000
-0.210735202000000
-4.04977173100000
1.49538937900000
0.647457703000000
-1.17006582900000
2.27450076200000
-3.00519430700000
1.87620018300000
1.93148384000000
-3.20677702300000
1.92135973800000
1.65998709100000
-0.986331254000000
2.23444797700000
-5.98874601700000
2.34083147900000
2.02522800900000
-3.10013643900000
-0.290011064000000
-0.886337963000000
2.82275097500000
2.97819224800000
-4.43363665200000
-0.0690133540000000
2.97819224800000
-3.63738960200000
0.519908609000000
1.78807035300000
0.260832641000000
3.30425518100000
-3.31511020700000
2.12142215700000
-1.04198913300000
-2.01401423600000
0.317253957000000
0.615721093000000
-0.338820380000000
0.965210319000000
-1.66848397500000
1.29088842400000
0.832244798000000
-2.39449588300000
1.84016380400000
-0.806449917000000
-0.132209363000000
3.19989641000000
-4.21754469900000
1.77602888200000
0.734610766000000
-3.68538369600000
1.65590785800000
1.45173167100000
0.123607349000000
2.60249334000000
-4.78457765300000
1.91578898200000
0.720432150000000
-2.40826908900000
1.18896738300000
1.23834165100000
-0.168426550000000
1.92475660900000
-3.11130448500000
1.28799535600000
0.0479391250000000
-4.81325555300000
-0.658675630000000
2.58444482900000
-0.578929907000000
3.85996109300000
-3.19516773800000
1.29764170400000
1.50398120100000
-1.82552824100000
-0.0404309810000000
0.808640974000000
0.670738504000000
1.62930973300000
-3.41140641800000
1.68244138800000
0.486235042000000
0.281382805000000
0.0812659930000000
-0.284847928000000
0.361612081000000
1.47181957800000
-2.31565432200000
-0.496845673000000
0.901267466000000
-0.780177751000000
1.48231877400000
-0.360962994000000
-0.972498561000000
2.52639359400000
-4.64830810600000
1.10378101600000
1.64945402800000
0.348211104000000
-1.01127655300000
1.13466313700000
0.957706807000000
0.523589356000000
-4.38808159400000
0.567058447000000
1.86812929600000
-1.03049423500000
0.447270720000000
0.364720765000000
0.447270720000000
0.955392404000000
-2.51580681600000
1.42482464100000
-0.0931781990000000
-2.65026898500000
-0.278819170000000
0.141950245000000
0.918760513000000
2.61475631700000
-3.98139638300000
2.26171593500000
0.973301529000000
0.117223447000000
1.97265069800000
0.0681906640000000
0.314185866000000
2.87219519000000
-3.91238270800000
-0.581684842000000
-0.850378314000000
-0.586631836000000
1.28478169800000
-2.45643699800000
2.09685424600000
2.85034572900000
-3.63842681700000
0.0810076550000000
0.368506323000000
-1.00503811400000
1.03026078100000
-0.384888291000000
2.58007758700000
1.65768203300000
-1.66669250400000
-0.861219412000000
-1.35018207900000
-2.86352980500000
1.07520595500000
0.579096518000000
1.22815359300000
2.59200939800000
-2.86352980500000
0.0745732160000000
0.178020930000000
0.0467421550000000
1.24022818600000
-0.235753859000000
0.588221932000000
2.42751127700000
-4.35058153200000
-0.485439546000000
0.769071387000000
-2.93918319700000
0.966001212000000
-0.0407543710000000
2.11265302900000
2.63788805100000
-4.19769565100000
-0.237612767000000
1.69870369500000
-2.46009453600000
1.18877124900000
0.986531104000000
1.54228534400000
2.69564760000000
-5.30252068300000
1.49139048100000
-0.142010559000000
-2.46468491500000
-0.0635811600000000
-0.418896976000000
2.14225005200000
2.34474833900000
-3.39539757500000
0.656166644000000
1.19939559200000
-4.19430111200000
0.558047306000000
-0.0428615160000000
2.08160508100000
2.74336959800000
-3.31706149100000
0.384767934000000
1.78643420100000
-0.956905270000000
0.276820820000000
0.407541847000000
-0.211034405000000
2.01090249000000
-3.10363758900000
1.08147433400000
0.494837774000000
-0.675631476000000
-0.829494686000000
0.305985885000000
1.48010726800000
1.65109652600000
-2.59118131100000
-0.934134835000000
1.59325262900000
-0.870614449000000
0.382206384000000
0.839861750000000
1.35299525200000
1.92398327700000
-4.43167210800000
-0.406583405000000
1.20982329900000
-0.917025467000000
0.486788759000000
0.181389690000000
1.08224400700000
1.21324317500000
-4.34212734400000
1.08224400700000
1.21324317500000
-4.24657084700000
-0.849821664000000
0.458976282000000
2.52625763100000
3.27023001600000
-2.91216756300000
0.134389230000000
1.61870691500000
0.272112628000000
1.49148616400000
0.379328344000000
0.939935847000000
2.67717265100000
-5.07708247200000
-2.17443932500000
1.49148616400000
-1.16952721800000
1.09521629300000
-2.15679738700000
2.78997920900000
4.43610881000000
-5.63177515200000
-1.90427645600000
2.54107190200000
-0.360243227000000
0.346530835000000
-0.260466982000000
1.71384862200000
1.50502335700000
-4.33186869600000
1.45465721700000
-0.0674811260000000
-2.23855998500000
0.987408220000000
-1.25169377000000
3.58229797100000
4.94706651500000
-6.06956559600000
-2.79183088900000
2.83487753300000
1.28050854000000
0.0323481110000000
-0.658254312000000
0.401589253000000
3.02945898600000
-4.42508713400000
0.447769630000000
-0.108333074000000
-3.66332946700000
1.56895842700000
0.0347320040000000
-0.0279945610000000
3.29242975500000
-3.78136963500000
1.51167473700000
1.06489874000000
0.568266740000000
-0.185213996000000
-0.0228628510000000
-0.103503716000000
1.06317286700000
-2.70433054600000
0.449944942000000
0.934526560000000
0.787764538000000
-0.612502515000000
2.91147841100000
-0.352290398000000
3.53478202300000
-4.86886805900000
3.21699141400000
-4.61735541500000
-2.05527354800000
-0.0624351470000000
-1.12712142500000
2.48502579100000
3.62031772500000
-5.22910758200000
0.540040307000000
1.82855387900000
0.504732887000000
0.293941986000000
-2.04100601500000
2.09189833800000
2.88695935000000
-5.00343612200000
0.399944824000000
0.866964753000000
-5.82364914800000
-0.204669852000000
-0.749272894000000
1.08302187600000
3.79778072000000
-2.97845306600000
3.50403751100000
1.37120485200000
-1.30108226800000
1.43362546000000
0.283605977000000
0.180497317000000
2.36435448800000
-3.64740528200000
1.54550305800000
-0.859098750000000
-8.39313605100000
2.69839520200000
2.03440001300000
3.35703555200000
4.65052182700000
-8.79860116100000
2.91429331700000
1.53709130100000
0.322453979000000
-0.761523576000000
-1.04185175800000
0.892984800000000
1.19298253100000
-3.23324086400000
2.35272634600000
0.275468542000000
-4.24379008100000
2.06896136600000
0.950060945000000
1.30566975300000
3.63544088400000
-4.75510436500000
1.71263806500000
-0.673876566000000
-1.67772152900000
1.05008625400000
1.05008625400000
-1.32969784700000
2.80485865000000
-5.02110190600000
2.12893416900000
0.994555956000000
-1.89065379800000
0.569975483000000
0.522036348000000
1.03646755500000
1.96271414800000
-4.85097821800000
1.75249469600000
0.897943786000000
-0.234342034000000
0.219969164000000
0.175672461000000
-0.187316494000000
1.31538545300000
-4.30680729500000
0.616666855000000
2.40077189000000
-3.69931643300000
1.40724110100000
-0.242237394000000
1.67140185800000
3.16236303700000
-5.16661658700000
1.35441999300000
1.51274442600000
-3.23998405300000
1.91547933000000
1.07870862300000
2.32964714600000
2.06673026600000
-5.94895425300000
1.37688787000000
0.421485071000000
-0.193741031000000
0.825873216000000
1.02844896900000
-1.87969040700000
2.57044957000000
-4.90528920500000
1.93180114400000
0.622147744000000
-4.52746233000000
-0.838127881000000
-0.625699826000000
1.09925897700000
2.18860968800000
-2.11128604300000
1.73245365000000
3.08225376500000
-3.95051776200000
2.00376077000000
1.30571366600000
0.182223272000000
1.74863525600000
-4.20196810200000
2.05636720200000
0.855785698000000
-2.51978980100000
0.381120358000000
0.0370666380000000
0.994853815000000
1.80566288000000
-2.81106462400000
1.58817607200000
0.523974662000000
-4.12135323300000
0.265244235000000
1.13791630000000
-0.457908171000000
2.23713206200000
-2.36804428500000
2.43867109600000
0.868341995000000
-2.43491972800000
1.00755549800000
0.810710766000000
-0.363184419000000
2.25418282100000
-3.54552391700000
1.50980048200000
0.761378497000000
-2.36302192200000
0.204170328000000
1.20808570500000
0.998322725000000
2.52919214800000
-3.54547998300000
1.53052066000000
-0.561789662000000
-1.58103825900000
-0.0669649080000000
0.0720409090000000
1.16176472400000
2.02643527100000
-2.37143528200000
1.06094407300000
-0.301746528000000
-2.72276765100000
1.01786844100000
0.554858158000000
1.26828657500000
2.99108940200000
-5.49843636300000
1.72860123200000
0.660500206000000
-3.29878307700000
2.16345068000000
0.284340017000000
0.824833539000000
2.16345068000000
-6.00786786100000
2.21628311500000
1.65429290800000
-8.45094330300000
2.38399535600000
1.79078877900000
1.72821693600000
4.61434413800000
-8.85640841300000
4.29054303000000
2.49946347700000
-0.333829196000000
-0.542112639000000
0.628330302000000
1.16012395100000
1.74644033600000
-4.32301000900000
0.365197846000000
1.29885940900000
-1.81890524900000
1.06301466200000
0.770285394000000
0.573407821000000
1.82881752300000
-4.84060351300000
2.36604807600000
0.0579352860000000
-2.91841536000000
0.775817571000000
0.292785164000000
0.0677517730000000
2.45027011200000
-3.87755009900000
2.38072729700000
0.828613542000000
-2.36960078000000
0.0510907500000000
0.578559155000000
1.55865874800000
2.05850073600000
-5.27440929600000
3.40713792500000
-0.00993723900000000
-1.49995537100000
0.821344064000000
0.209650012000000
0.450344246000000
1.88326145700000
-4.63032510400000
1.62253317300000
1.14314752200000
-1.07969816100000
0.133539033000000
0.220687060000000
1.40668158900000
0.905794167000000
-3.36472808900000
1.17214117900000
0.605583221000000
-0.914120050000000
1.80318358400000
0.555593388000000
-0.337338527000000
1.91682451700000
-4.47584671700000
1.37967562900000
0.0720281740000000
-2.01273474000000
0.946195680000000
0.385792061000000
0.0610554120000000
2.73580731100000
-4.97660668600000
1.61203396400000
1.24845699800000
-1.71425849800000
0.521915236000000
0.0613050810000000
0.819589382000000
1.81165362700000
-4.79222733800000
2.67059663700000
0.621425873000000
-3.21472642400000
0.924235272000000
0.545105895000000
1.65869410200000
2.25668488700000
-5.92364409800000
1.85232842800000
1.90132193900000
-3.15930986500000
0.693068351000000
0.533381137000000
0.202177951000000
3.24369607100000
-4.33991467500000
1.71380321700000
1.11309781200000
-8.52451942200000
3.39457811700000
1.96149010200000
2.85910874800000
4.03311274100000
-8.65805081500000
3.50454962700000
1.42973090100000
-8.02538565900000
3.13272124600000
2.54716234200000
2.21821357900000
4.41113506400000
-9.41168002600000
3.51716686100000
1.61066659200000
-1.97909188100000
1.49610004300000
-0.452660089000000
0.232579919000000
2.14720708400000
-3.10912239800000
0.432654376000000
1.23233294600000
-4.04772573400000
0.767851425000000
0.458958706000000
1.16759697900000
2.57926154900000
-3.17083398800000
1.78593235700000
0.458958706000000
-3.34709040900000
-0.0937573820000000
0.255378013000000
1.01046856800000
3.76193596500000
-3.24094343400000
1.92758850800000
-0.273579829000000
-3.30328432900000
0.993639806000000
-0.215068367000000
1.22283046600000
3.41590454300000
-4.48440882000000
2.13588607200000
0.234500629000000
-3.55504404400000
1.51612969600000
-0.436049568000000
1.40977100700000
2.70262296600000
-3.91269926100000
1.67711988200000
0.598149322000000
-0.956632273000000
0.497636263000000
0.200294291000000
0.882525153000000
1.75483224100000
-3.33171932300000
0.709992743000000
0.243070905000000
-2.44297398400000
0.211232840000000
-0.366819141000000
1.50379434400000
2.96622935900000
-3.84374554600000
0.799738785000000
1.17254334300000