1.10547225277754
-1.71954008279777
-0.765708209472631
2.04834881694985
1.91987675205638
-2.59228887203438
0.940500108710938
-0.936660766189928
-0.640036438956625
0.630852115891929
-0.273362928196878
0.351101088941857
0.590162954189352
-1.68356422962454
1.29821036595179
-0.273362928196878
1.40888658696632
-0.0117492048564338
0.285192506612029
1.03479232278589
-0.522878842660004
-2.44044717188491
2.29420578980055
-2.04800198676345
0.293608936380312
0.581735870094274
-1.31908385899085
1.47606990499785
0.885186639477936
-0.469133004219518
-0.938185469647269
-0.510199018092734
0.851109919399706
0.506947055825826
0.895309401795301
-2.81983705443969
-0.394620086276544
-0.0856091427953861
1.62682642190318
-0.580126515412395
0.777131991030612
0.475884285299688
1.02713717513419
-1.03705610175466
1.82192494642635
-2.22211276932760
1.70798188632528
-2.55089141313387
-0.694104757037867
-0.308060785621002
-0.392194199725187
1.48714894196519
1.43203036273605
-1.91025750693410
0.485370057104491
-0.0999321124875719
0.221599766381619
1.20234498801094
1.45869052394403
-0.972495992645432
-0.0745986449950871
-2.02076876847617
0.782426947243077
-0.597198819462972
-1.33513542275482
-0.960667430045153
0.963813457124216
-0.410562968414670
0.363984410754068
-2.22193493875494
2.14928173184905
1.45122116024225
0.943586786961635
-0.590158776420645
1.39721070137460
-1.40941594702854
-0.390499669383185
-2.47894434029599
1.72921558143264
0.799005663359493
-2.46601072381686
0.0804263186725417
2.10127190561713
0.663631140233870
1.79849118910589
-3.65102383396501
2.22830075818201
-0.755086754029578
-2.16801950307042
0.0766337108663010
1.73350543869212
1.45125895969177
-0.385308196694771
-1.67823723279802
0.712577553460300
0.257589269852721
0.505379948575320
0.543025860866029
0.505379948575320
-0.482792080466784
0.0312974449793327
-1.20064278855525
-0.295542618479974
0.393894284506003
-1.15363074148845
0.306590879164622
0.514901940322775
-0.626782176516891
0.770721726439039
-1.85159500069276
1.48282164453906
0.556971728232604
0.171243230649747
0.370716607147575
0.0119297542879171
-1.48592828863695
-1.42946759829538
1.27986733116026
0.171243230649747
0.910395733037081
-1.84275635452760
-0.114614875841262
0.340377183072930
0.969801684462403
1.13654763165194
-1.90597126096875
2.78713504704445
-1.37051905489412
-1.48501714112062
-0.605271952742600
0.671319750716265
-0.509463218644729
1.07724052830206
-2.12012222552008
2.44559455955118
0.525719699458526
-0.551353393454580
0.750863356914783
-0.344083509725718
2.24537405951445
-0.0584292570028199
-1.84509010951454
0.229168724589089
-0.426449871320660
-0.0731038140636644
-0.151116716691969
0.838230622301851
0.353592534561231
0.511099947545480
-1.49911535571549
1.05648130799155
-1.03606852592900
0.599908732965977
-1.53900515055803
0.191087885311799
-1.05900194896113
0.553689533849477
-1.65542551919171
2.26233090281665
0.646415563766964
-1.89967890589540
0.562546577200518
1.16684758576069
-1.52216200313435
0.0698688041656179
-0.871900329920834
1.47210527088050
1.02237300094326
-0.219551033738013
0.734528436716462
0.513267253287095
-1.57801722571877
-0.572931942683677
-1.52019784240774
1.63212682417314
1.01077553037150
-1.39616465449988
0.468320573355854
1.39259605426608
-2.57748079451684
-0.281626826113251
-0.427371392184728
1.78426391683640
1.03746312285636
-2.85270073817583
0.00684495637528815
1.77711428919808
-1.75907154243200
-0.293873646594683
0.105529058566992
2.16980540986212
0.846352213200033
-2.78420539761755
0.156333050696567
1.17084789912973
-1.38296650690400
0.156333050696567
0.200226693785062
1.26552349799337
1.21790771222025
-0.947091311000969
0.111241281469626
0.0725319730611096
0.747355125454872
0.623657426017481
-1.44177687593751
1.19136073153741
-0.357278350602019
-0.956614980761509
0.0507401807235577
-0.103990704710047
-0.617182675707256
0.646775535960505
-1.09259882659646
1.38434326270562
0.688528208385594
-2.98019481389004
0.796460152435236
0.345025442682625
-0.826713753393508
0.887678296256565
-1.05354546048640
1.26384398171824
1.56744615467728
-1.38911787413752
-0.181330454606284
1.01388172346640
0.612301554811127
0.176317480989335
-2.63940125467880
1.66324952973225
0.744099294423485
-1.67039015175197
-0.209116746057805
0.798590605747843
-0.165143267907461
0.844348553975379
-1.79773160185769
1.84366570518884
0.355776902662869
-0.404480648655714
0.110162558420871
0.564693210384879
-0.182833013489154
-0.0364919813998222
-0.711286566035826
1.37152300681059
-0.711286566035826
0.608241145638822
-0.605384032761894
0.163657802283307
-0.160010554398830
0.456525424058328
-0.886647395430400
0.765632830509561
-0.342015219898895
-1.03541066315389
0.209728990130215
0.294571589949444
1.37564301701378
-0.376222285835484
-1.54274464279452
1.66307300076649
-0.588639006076047
-0.402849372048241
0.115597809994537
1.35779855580891
-1.45160284109327
1.06780149755107
-1.89268114567105
0.710147628615660
0.495787866842400
-0.931486166114405
-0.00446719887266689
0.223970288298976
1.12581880538783
0.613357594091623
-1.36644654368664
-0.234190493796282
0.573443714691566
-2.31240692061209
1.28996545109418
1.13365335480976
-0.823546243694625
0.256351371555827
-1.55248270759965
1.99038347996262
0.0180822144839807
0.409081937484540
0.899962624013328
-0.741560728805394
-0.240731820900132
0.899962624013328
-2.32157318533513
1.78901616968771
-0.694157620158255
-1.04407186243784
2.14468941515990
-0.867076611471137
0.783251763197898
0.554584757222634
-1.04407186243784
-0.447364646165151
-0.0799409530684707
0.376564945607328
-1.62762749000845
0.899991778618756
-0.154821641501227
-0.916307908501062
0.0888229303461439
1.81672135921004
-0.483343973771531
-0.941476457319277
0.395733320475775
-0.487719110349495
1.36368861352165
0.676663800029742
-1.03027307063795
0.163895139897607
-0.140512235618050
-2.78695282361524
-0.209452530948978
1.28673966953321
0.527072152182558
-0.749512913805110
-0.907230211990026
1.60284484988210
1.23649180876149
-2.40905938408896
1.14301197189529
1.24135074173477
0.140314433957546
0.00576338001514243
-1.40661910203818
1.55320056237670
-0.267962603852309
-2.28556099791069
0.889672973079151
1.48302143240402
0.0339137206365653
-0.911419068485557
-1.06775986644888
1.37767702070102
0.480454786024372
-0.690929509415052
0.980178300612986
0.198370594313619
0.156820615882770
0.407560921806892
-1.84870626604525
1.71671667745679
-0.920011334612759
-2.08177933093959
0.161260199326502
0.316685013361955
0.277815188576198
0.551670061248913
-0.836792404446801
1.13829177869052
0.472849494182304
-1.55941286388059
1.14985034606215
0.881163689533830
0.312882371289704
0.351991352182419
-0.945465899100779
0.0410776014313520
-0.232086597518089
0.0262460391057736
0.393653018886070
0.905079162585513
0.282346216813757
-0.193227503918032
-1.02846531936286
0.468788338348357
-0.854419952458577
-1.76998771556722
0.0337573593700157
1.47558042500138
-0.859477248512825
0.512517923517316
-1.20507002717749
1.47558042500138
0.337098858367450
-1.33639800963651
0.489654378016590
1.52410579682948
-1.14202048565474
-0.288393254982136
-1.14202048565474
2.31564725598065
-0.420575194898591
-2.41071583220048
0.674847926681435
0.417846122036830
0.291188529614468
0.588395518714331
-0.483051171545739
1.83148317350016
-0.909994266801007
-0.784717109425597
0.526974417334770
-0.609620654191167
1.04082745837366
0.445627279304715
-1.71810597863036
1.13325517324202
-0.0342405860080450
-0.262897529148106
-0.221966903961794
0.103507505613952
1.30836993276024
-0.221966903961794
-1.96227137462557
1.64378653643935
-0.386561263116284
-0.612131748805987
1.10752025461073
-1.18744944521223
1.10752025461073
1.30403436633056
-2.40966271008697
-0.417351226057583
1.10752025461073
-1.23745717220214
-0.0523546681469869
1.37839248032150
0.329410227580392
-1.09288100258678
-1.04594781464017
1.73121835086499
-0.0103804011908075
-1.66715804031928
-0.114543148608802
0.917855913719783
-0.309436231816118
-0.192072266901907
-0.388640115957867
0.748183736755491
1.00581015312870
-1.46272719700341
-0.821484603013103
-0.135261022571574
1.01492981458046
-1.10241996450606
0.788576886356908
1.35728119193595
0.361104894220827
-0.351069359178510
-1.58979182682712
0.885554556814466
2.14572204164889
-0.812297607969561
-0.474310857532978
0.180428668839694
0.0157643842051213
-0.672431318066263
0.210973943385397
0.699033049453048
0.783047118954378
0.210973943385397
-2.32888517151527
1.37636094357129
-0.279072509167983
0.227684795607980
-1.13762028808455
-0.177606907767052
0.265014058807033
-0.214479945673308
-0.438351555247653
0.0428461676787948
1.43251367467875
-0.119774433018686
0.306012482296325
-0.710667074536416
0.0217180113377766
0.488182258091307
-0.790435234069877
0.677169249362015
0.127794740537555
-1.28531797069185
0.0308090833807191
1.32329380820309
-1.06382443763156
1.32329380820309
-2.26967221630735
1.53615522553987
0.405262699303982
-0.307134246101671
0.267516987272768
0.183164254945160
1.72335414795991
0.806760510991069
-4.21062536780631
1.06149747382577
0.475466238913307
-0.660871903867653
-2.61479614430489
0.909892941368089
-0.169805246849629
-0.127441429772650
0.531653354783635
1.17797424622004
0.953394182423052
-0.869413169152693
0.812159057097089
0.116400962537159
0.855206379722407
0.941702139232550
-4.34253648296918
1.84586763869825
0.640613474834415
-0.672855371411936
-0.960578152867940
-0.116911142820135
0.275166188258701
0.311204010878721
0.0965388255109954
0.383754879879576
0.683680762572017
-2.76599477765933
1.12074812369263
-0.0845313979484456
-0.268937278303909
1.46346496817327
-1.20463797425110
1.02771284211858
0.712175494178297
-0.453370626138995
0.460293006603694
0.385807327149200
0.851783610488950
0.312120295682417
-0.975026085520623
-0.0140100180639104
-0.567597510200733
-0.552226370296021
-0.873992249548266
0.864500468812763
1.08611853953252
-0.591140437143553
-0.323901147537914
0.158017458244095
0.232623737936372
-1.06287047552445
0.153103643263801
1.07372043289205
0.192850999314299
-0.701937635167854
-1.36239621572390
1.02786236730876
0.679666883637289
-0.234047738219403
-0.801502679873548
-0.0904876336214068
0.123888625141790
0.840987618752332
-0.643036592893813
0.680309775572260
0.123888625141789
-2.57481290807756
0.370871595685459
-0.0233426056069920
-0.607754079403116
1.37205754442157
-0.702481242565880
0.195253820979885
1.97020787456664
-0.182952623718583
-0.544111825403426
0.729567656740964
-1.08469103680471
0.818745394336653
-2.23259342493364
1.49499401809638
1.00104184168636
-2.77204678693695
-0.0739745698203502
-0.0240093261115934
1.37934753530536
1.81380686698701
-2.06094240843011
0.460031846459332
1.27778684254730
-2.51290167278951
-0.145347210676194
0.513992238050179
0.557552203443738
1.33667888751894
-1.44938525438251
1.48992928424909
0.209481524586272
-2.23607093407141
-0.603350456054646
0.733839014096722
-0.342153023549921
0.399548902718563
-0.257653336463221
1.48576962617505
0.820070207148865
-1.19728191358298
0.601706382983699
-0.0454017353764208
0.292853012610801
0.445581039799523
-0.964487749845198
1.06321082256377
-0.196179859153198
-1.08080841549506
-0.128975918514548
1.16203581541775
-0.0857592495769357
-0.345875289412038
-2.07739237385454
2.25086816223540
0.305907269199966
-0.998776443923211
0.0596220300776243
0.789322328819968
0.133695136589356
0.395761610482321
-0.868315570828902
0.915278486389693
-0.426587577606848
-2.50543386824709
-0.462292409994261
0.225462430730637
-0.0694152621251805
1.18399153494094
-0.646340110317584
1.18399153494094
1.09003615007161
-1.18963909699905
-0.371045505659421
0.494420278325545
-0.655403280385932
0.741736725933712
-0.868486678771355
1.19041094071058
0.658006616845919
-1.70002110881538
-0.252038224261042
0.903383161632884
-0.252038224261042
0.237504352873180
-0.175665343752287
0.619437693291846
0.619437693291846
0.237845053017574
0.831066479318825
-0.622889045230319
-0.299987755413807
0.626901169969428
-1.65933628699372
-0.0292883930675240
0.915688778399547
-0.750640912608479
-0.303385864283727
0.0802080748392451
0.865955409600717
0.156199492357573
-1.53147920592485
0.700671972727124
0.782471033292393
0.106637218975748
-1.96192605414100
-0.282238510117421
0.530797504936290
-0.484883520690531
1.06875155781376
0.570121835525274
0.452739967697882
-1.62959517983540
-0.411535724009622
0.118234339750132
0.155524736788006
0.0436742586095207
-0.0684105888425665
0.938260813443734
0.853847344096196
-2.06576956292889
0.547485092303505
0.747085984584860
0.870570861984545
-0.232273588674041
-0.650189593043959
0.313943771638644
0.469147034135335
-0.832419992922060
1.12437928599564
-1.47332645899560
0.768825770847326
0.854724405071549
-0.877434032603434
0.317287017810543
0.117964004796033
-0.536608782497317
0.909168888058369
-0.411100041049928
1.67908666296643
0.194895007298398
0.194895007298398
-0.0857614124415844
-1.94457532963277
-2.48603165199570
0.613302223579958
0.195207497001116
0.973682688978266
0.308574885211743
0.00484936322238849
0.195207497001116
0.195207497001116
-1.56316283767872
0.175949936142487
-0.252981312696641
-0.174647921293698
-0.0188374563054528
-0.614302520164906
1.34773901366768
1.10024309832926
-1.83797807254739
0.741189907384115
0.540141866480499
0.500590713010526
-0.205385774887806
-0.986846043139226
0.865489718252822
0.382797685446462
-1.48027051736020
-0.659074981545566
0.200327814332207
0.948141268293871
0.860190323275657
-1.06781327937666
1.03816713831271
0.160332234067987
-1.34560237499395
-0.0883542388359269
-0.245738187444565
0.707841198321559
0.0289456107147099
-1.09692147130287
0.792344810707277
1.24748465283377
-2.78184749063765
0.754778103081792
0.0529795041774254
-0.0304324304744478
0.218020610778043
-0.651526410536102
1.24247137671923
1.19555673689171
-1.68767693032114
0.149626294780843
0.834155112077405
-0.499482231041097
1.01459714114052
-1.56551218418762
1.35130464576847
0.402988151782615
-1.87658129833655
-0.918769011586471
0.634526545473600
1.01796066594942
0.350464355971117
-0.642318638774023
0.717358690651453
0.717358690651453
-0.954066054229893
-0.607190738066979
1.17534051857308
1.32498936051195
-0.465058120770888
-2.36443043286666
1.27446940542081
0.615946061428565
-0.424635847257966
-0.350519081923926
0.121172807684134
0.415134097245385
-0.853708731711320
-0.424635847257966
1.06446525089458
0.452727352327083
-2.10520037658858
0.613692335110164
0.699428881478890
-1.21459570320592
0.111591214580205
-0.182338993638064
1.67449697969633
0.402925662566971
-0.0771821017245100
0.476253343958543
1.00758250294973
0.756384837762001
-0.453126136725866
-2.55022853220889
0.0429837290760168
0.797332356912975
-0.319345029272709
0.911364452377248
-0.535078208841068
0.332688542112249
1.08859452794387
-2.32162985388303
-0.111518187642344
0.954923757205791
-1.71236162136959
-0.139514213602429
0.479218347956726
-0.0984022217017889
0.353681870494356
-1.26109035674250
1.89924984700850
0.479218347956726
-0.917424235915443
1.96713918039300
-0.383793313257790
0.798662278026733
-0.126919927977656
-1.82098739366468
-0.557415693582395
1.04073910597823
-1.03819331025234
2.09266564616144
2.60372359712710
-1.59295787999631
0.309085300266028
-2.95296685651720
2.23431405051530
-1.65567054730402
-2.17768179886041
0.998097584007174
0.211466193512386
-0.123799381286116
0.719071283411008
-2.52256856713373
1.94435047470016
0.951064211649517
0.481053263639312
0.154772593089928
-0.242545269722489
0.262558861115723
0.0830760071136627
-1.51762670375714
0.407586299489414
0.371124949031588
0.0708494856814694
0.256380755264940
1.43995143323350
-0.709785700119561
2.26845204252831
-2.65563359679126
3.38875388101284
-4.05896830081024
-1.32138927060394
-0.286711742106832
-0.504516612207515
1.09093905193589
0.686957655972221
-1.66359439593034
0.907376261004618
1.09093905193589
1.87671547663201
-1.07979353156237
0.168915458480491
0.693702318944895
0.263707500168651
-2.59624091256566
1.75278722146435
-1.07979353156237
-2.73314714347058
0.0519254160956387
0.861069829197306
0.694856192334527
-0.278645695666652
-0.236305818925344
1.30789482990132
0.332352390533794
-0.538366556086733
0.874042554718195
0.103843096811483
0.103843096811483
0.0609744488980534
-1.78651580738411
2.41486312649964
-1.23268396026801
-1.83087845858770
0.195682967300941
0.0394848017499450
0.845970116033657
-0.0386257315675194
-0.601556471613494
1.46767865290452
-0.0777558762203463
-0.513789264502906
-0.798591986330108
-0.513789264502906
0.754731913075874
-0.119261185960560
-1.10162189010668
2.09293346248039
0.199388215846903
-2.60326825632348
0.676610855715623
0.501053286236230
0.325711218631255
0.809554412008195
-1.76859491131585
1.86567268691549
0.193260708132535
-1.08307977226197
-0.00226218661034272
0.459631522724424
-0.544605425181621
0.0391200036910564
-1.66323268544271
2.07019076096972
0.724237782111445
-0.721631126415575
-0.554440298734019
0.343164906624555
0.782677191082886
-0.309619377719139
-1.52204820673403
2.13005058961943
-0.148153677724106
0.790228479492011
0.790228479492011
1.23187035934185
-0.589528092874802
-0.309606880344632
-3.00226983824974
1.05016212506053
0.0389153680827707
-1.32347768441527
0.961345360618092
0.0661409211740116
-0.229292022796634
0.653554426798177
-1.94443178030935
1.49990501425585
0.316255764675134
-0.679124086285060
1.51550603038108
0.674081152189863
-0.0850845817623771
0.897043096901612
-3.71631205016566
1.61982279489517
-0.225932356154635
-0.188622592118000
0.586173471487777
1.79372186105277
-0.473005649775647
-0.714429280909905
-2.71245049528562
2.47220867222852
-0.763595986679897
-1.65951683900436
0.118099691129504
0.923156312717991
0.0740955883877460
0.381473098973659
0.293638206368988
2.10310878116581
-2.23405483973934
-3.41483912353881
0.484623094601821
1.26322097776803
0.100313416610404
0.866569462658730
-1.77050951544397
2.41933417524511
0.0512875120986840
-1.78536256895612
-0.103368493218838
-0.741043313486053
1.13901940303971
0.780210763087989
-1.43952703700646
2.29847540302181
-0.148404156482036
-1.45336996024479
-0.235688032259378
0.995268134239245
-0.960867497043464
0.634263475291618
-0.652183015843178
1.62291557646153
0.0496613193984200
-2.79872174469106
0.341492280516792
0.933132002109948
0.204853189931376
0.204853189931376
-1.82971131133598
2.05737479522832
0.886727598309225
-0.907505155665944
-0.280365276241511
0.384172920042765
0.498519322613315
0.271756715067098
-0.430103019763997
1.12541311924203
-0.661888625293753
-3.07842737254302
0.652621171939052
0.396267605304193
0.909552527413167
1.44227505409699
-1.36324660370849
2.47018974783584
-1.42923213033773
-2.21273834151404
0.292604511731382
0.547213266792055
0.377503753236705
0.761410615233336
-1.76093220442638
1.61743464571024
0.377503753236705
-2.42804663557321
0.182318715845877
0.722016621344846
0.587988671792340
0.543346820437633
-2.33946064724528
1.92006059692617
0.811775856471621
-4.59803080869833
1.16479073217502
0.588788181660504
0.923279554568028
1.11606785474774
-1.29108950047650
2.47686470797507
-0.380670721951527
-0.791353053263619
-1.01573968233362
1.25806178705398
0.629487606260025
0.224258772696757
-1.25638813130071
0.885970925540348
0.0657017753468356
-1.57087496199087
1.23783947238664
1.03651587870213
0.489715958534942
1.08650930276253
-4.09322896751896
2.47116890534580
-0.657645588222217
-1.44483561148788
0.790475223379559
0.213821390967104
-0.315488000555134
0.538855560000548
-1.50163658367308
1.34332634308371
0.375481678285179
-2.03420988056441
0.0614281413653111
0.966002958923526
0.525134167045695
0.271409071607582
-1.28044241897711
1.68350630665974
-0.192828346060330
0.216249432199809
0.617771221252627
0.176695576784944
-0.818866680314365
0.216249432199809
-2.01445204690772
1.54829365779123
0.0580594069936639
-1.46841629907006
0.0760131016235999
0.281958556833178
1.26036512622768
-0.296292574610415
-1.46841629907006
1.41536471134816
0.199423676717926
-0.470481461382071
0.570923669333802
0.489351161858643
-0.547865179949428
-0.509069793647028
-0.786474645458726
1.64744638605789
-0.393830136813083
-0.812240355994554
-0.405803360343652
-0.0138412572762535
-0.565328107164139
-1.11995271903756
0.343827271828260
1.76263371708935
0.810704810898549
-1.00463342295300
0.186109051208685
-0.105135893091430
0.867846271627424
-0.0632922547273399
-2.17897239193744
1.73526602271258
0.562812617160512
-2.42407801624020
0.465809204515639
0.377810909259798
0.774060086893199
0.155633283185011
-2.00805218825153
1.75071943859893
0.908097282039162
-1.95354579871921
0.664037926202352
0.451669869247174
-0.0610767718951304
0.664037926202352
-1.88142891985060
1.49495176637006
0.621354002442997
-1.91014544475906
0.991565910335791
0.609210500549338
-0.172172462570240
0.562739044448620
-2.05159430999197
2.23602946805694
-0.265632706069421
-1.88338689772727
0.527458664204183
0.873053689550717
0.0260279264355956
0.234601831325451
-1.50083357661205
1.61346189038885
0.109616472434512
-1.46590883852833
1.12028880407930
-0.193392857790720
-0.151690890554242
0.507785309740892
-1.58217061912805
1.21555756634504
0.549531525836108
-2.68698192774049
0.239446317292242
0.730276733362938
0.461015445178885
-0.0283058773897882
-1.49176752720896
2.22623050600044
0.550086330504728
-2.39418681654093
0.440182767477674
0.273296030845385
0.107527604334476
0.107527604334476
-0.955744362761450
2.02312946537170
0.398267706938670
-1.35834747397709
0.600588093320615
0.147626980595237
0.770204452693723
0.311293528235820
-1.84833892355814
1.47626972275244
-0.0992963800626030
-1.82594754365295
0.500988032341058
0.544536877605292
0.676795374209112
-0.396740817236000
-1.35223904235685
1.94839950142376
-0.0957923823334244
-1.12759187206459
0.635410789088099
0.470837385537686
0.718939595257461
0.593996166248676
-1.75164531222293
1.11265651868305
-0.652603270527456
-1.90346643578581
0.260613740083771
0.904398228034892
0.952222799269006
-0.196804099265998
-2.12171703707176
2.07115814240795
0.0335946623279469