-0.341187536000000
-0.955166553000000
-0.469234094000000
0.933413526000000
1.33878936900000
-1.55638645300000
1.56194833000000
-0.512176591000000
-1.71810567000000
0.345968677000000
1.21828300200000
-0.914433142000000
-0.438022914000000
1.21828300200000
1.71879591400000
-1.43076886900000
0.853320853000000
-0.239816386000000
0.194078148000000
0.280129844000000
-1.31765110900000
0.496527455000000
1.99234078200000
-2.25892958700000
0.354574854000000
-0.0871053730000000
-0.817677125000000
0.741297811000000
-0.0138216030000000
0.906823100000000
-0.0504455980000000
-1.03364606600000
0.364716144000000
0.0280254720000000
0.460471397000000
-1.84505008400000
-3.02921648400000
2.57670629100000
1.36782206200000
0.0765252010000000
0.168559227000000
0.865245399000000
0.445314962000000
-0.949081836000000
1.52038821000000
-1.44898583400000
1.57551994800000
-2.17696007700000
-1.22207021500000
-0.377314001000000
-0.147082130000000
1.36959351100000
0.978913828000000
-0.185234789000000
0.196732406000000
-0.613538610000000
0.512889833000000
0.749872385000000
0.709621911000000
-1.59297455800000
-0.964493228000000
0.359314174000000
0.131810738000000
0.0939587460000000
-1.84573031800000
-0.357955431000000
0.793726090000000
-1.01073106700000
-0.961575753000000
0.839877791000000
1.65600416600000
0.886384522000000
0.802049848000000
-1.91824722800000
1.53784867000000
-0.667651114000000
-2.47595700700000
0.428810867000000
1.53784867000000
0.755297294000000
-1.77039162200000
-0.143399100000000
1.26795195400000
0.412379316000000
1.11803655500000
-2.20121050500000
1.69906644900000
-0.382433048000000
-2.28500664300000
0.0461096360000000
1.30833321900000
1.30833321900000
-1.09757719600000
0.378356447000000
0.295341682000000
0.0461096360000000
0.898530716000000
-0.292883105000000
0.854700073000000
-2.12433103900000
-1.33001666700000
1.21766414200000
0.682304005000000
0.0940318740000000
-0.808045561000000
-0.0924540240000000
0.378991806000000
-0.533318730000000
0.123533899000000
-0.533318730000000
0.973392541000000
0.491218798000000
0.243223903000000
-0.201744488000000
0.0453418950000000
-2.22603185900000
-2.81821083800000
3.93176924500000
0.0453418950000000
0.980310246000000
-1.96389515300000
-0.321965639000000
-0.0753424470000000
0.662993675000000
0.249128545000000
0.662993675000000
1.63109721700000
-0.845009873000000
-1.68943628500000
-0.787262609000000
0.322862571000000
-0.448845524000000
0.447938576000000
-0.285388673000000
2.03414340500000
0.405988539000000
-0.808362775000000
-0.583740439000000
0.0753069620000000
0.713370086000000
-1.43992163300000
1.73004661100000
1.54811245400000
-1.23481126600000
-0.129241071000000
-1.00984926400000
0.562926329000000
-0.354033587000000
-0.489995489000000
2.95086134700000
0.916637584000000
-2.44730584900000
0.0494971240000000
-2.05575672300000
0.270425915000000
-1.65145792700000
0.0494971240000000
1.25700680500000
2.03129055600000
0.0494971240000000
-2.35547563100000
0.200032098000000
0.699814615000000
-1.49935868600000
-0.764572716000000
1.57603908000000
1.11941966000000
1.02410158000000
-0.376641744000000
0.122035309000000
0.406942666000000
-2.23890218000000
-0.779971375000000
0.530090221000000
1.38059443600000
0.955852665000000
-1.58059174100000
0.234589871000000
0.917272017000000
-1.35326305600000
-1.40873512400000
1.57402629700000
1.15748741300000
0.459214322000000
-2.78949284000000
-0.402916687000000
1.43469970100000
-1.17675788200000
-1.41188522600000
2.52859451800000
1.68210540900000
0.135653006000000
-2.40016304800000
-0.871840978000000
0.786351297000000
0.512195553000000
-1.08003704500000
2.11686303800000
0.648172963000000
0.288458220000000
-2.05556105700000
-0.687126549000000
-0.0264379140000000
0.730409056000000
-0.596611029000000
1.85912577400000
1.32798530600000
-0.551783586000000
-1.19112255800000
-0.120953669000000
0.0595941520000000
-1.99421455000000
-0.802727587000000
2.42715483300000
1.42582909500000
0.196440284000000
-2.73296106400000
-0.374634781000000
0.606847851000000
-0.235575302000000
-0.974823818000000
1.01241326600000
1.39956085300000
1.29917299500000
-1.19014634600000
-0.160835651000000
0.755959120000000
0.439830813000000
-0.426913498000000
-0.704937590000000
0.923587352000000
0.363455800000000
-1.15760995600000
-0.760793363000000
0.594399462000000
-0.247977345000000
0.0166074460000000
-0.324354596000000
1.20436107000000
0.675367282000000
-0.366590706000000
-0.108043992000000
0.223859449000000
-0.672280665000000
-0.366590706000000
0.729798037000000
1.27168545700000
-0.711836875000000
-0.139535104000000
-1.10759864600000
0.569881827000000
0.358151165000000
-1.52423034900000
1.11130490200000
1.46855648700000
-0.736530281000000
-1.70158591900000
-0.175352348000000
0.235159691000000
0.698184316000000
-1.15157336400000
0.698184316000000
1.69673732600000
-0.299754018000000
-0.535455276000000
-0.535455276000000
1.21115973500000
-2.20498308300000
0.244447889000000
0.403830560000000
0.770277739000000
0.646177711000000
-1.19546349700000
-0.545034375000000
0.178293020000000
0.639668527000000
0.329270264000000
-0.790365253000000
1.01630432200000
0.367326992000000
-2.16408510100000
0.0962308070000000
1.04266465900000
-1.44648572500000
-0.657097043000000
1.81103707600000
1.40646932500000
-0.0887339980000000
-0.0780886470000000
0.324000341000000
0.612281906000000
-2.03110132400000
0.405328998000000
-0.573943805000000
1.74634496600000
-0.404822435000000
-2.71016427500000
1.22340701000000
-0.366778721000000
-0.316586465000000
-1.36696672900000
2.86300625800000
1.34416881600000
-0.670085895000000
0.695401688000000
-2.54592541500000
0.173227007000000
-0.718570256000000
-2.15242066500000
3.02967212200000
1.49979890100000
0.0188166180000000
-1.31288778800000
-0.241082975000000
0.292490846000000
1.21589697000000
0.139716385000000
0.0257732070000000
0.769557521000000
-0.889464166000000
-2.63985246600000
-1.11679335700000
1.49033910900000
0.795583670000000
-1.77170750800000
0.504870293000000
1.65055165400000
1.08700860600000
-1.54575895300000
0.507377009000000
0.749363971000000
-0.0733860850000000
-0.549000710000000
0.667489779000000
0.917977395000000
-0.674062407000000
-1.63423659000000
0.251669117000000
1.30972402900000
-0.260495574000000
-1.82957574200000
0.891403719000000
0.935861448000000
0.335649594000000
-1.13197284600000
0.859932735000000
0.725131110000000
-1.08258912100000
-0.264715027000000
0.998150316000000
1.34004289900000
-1.44398006600000
-1.92265825700000
0.634431169000000
0.0678700520000000
-0.196436460000000
0.0304490060000000
0.518596136000000
0.874797324000000
-0.00704896900000000
-1.50939683900000
0.226317332000000
1.14961574000000
-0.603543621000000
-0.822122377000000
1.24848740100000
0.914185985000000
-0.603543621000000
1.33667337200000
0.0299174380000000
0.250921535000000
-0.905284195000000
-2.08886045000000
2.27995155400000
-0.363364205000000
-0.539955047000000
-1.91577665800000
-0.131928961000000
1.03871136600000
-1.29739203600000
0.196915657000000
0.565577141000000
1.22464160900000
0.319251882000000
-1.61011452100000
0.472719007000000
0.974132159000000
-0.901824699000000
-0.721786283000000
0.472719007000000
1.86115781400000
-0.547002486000000
-1.45114061900000
0.0330089930000000
-0.0789859620000000
0.144889307000000
0.182247665000000
0.681620062000000
1.10749448200000
-0.619133928000000
-0.708542949000000
0.744183958000000
-0.301847360000000
-0.125269883000000
0.0848155580000000
-0.230879475000000
0.627753551000000
-0.0902133990000000
-0.0711579440000000
-0.372124741000000
0.580282888000000
0.661449467000000
-0.683434040000000
-0.764316471000000
1.29284966900000
-0.643548827000000
-0.580060766000000
0.432187934000000
-0.0513004190000000
-0.580060766000000
0.665292700000000
-1.08555719600000
0.244289758000000
0.955208755000000
-1.65764787200000
-0.373839540000000
1.31985952800000
-0.0248251830000000
-1.48461761800000
0.682657816000000
1.78072562800000
-0.242312760000000
-2.17079567300000
-0.164463229000000
1.15630083700000
-1.39056290700000
-0.901047182000000
1.25730821300000
1.63246530200000
0.580794638000000
-2.40856403400000
-1.53921196200000
0.254955698000000
1.20852843500000
-2.81595215600000
3.13923901500000
1.84643718600000
0.314567818000000
0.296342421000000
-2.61749905200000
0.581560669000000
1.17317482400000
-1.95799155400000
2.42488975700000
-0.386782565000000
0.486305500000000
-0.0578684530000000
0.439537707000000
0.933728168000000
-0.978855882000000
-0.0957856250000000
-0.286411021000000
1.11481507500000
-1.06915996900000
-0.266985438000000
-2.23182420800000
0.319805336000000
-0.0852465290000000
-1.48661903600000
1.99030640800000
0.319805336000000
1.44075813200000
-0.310954372000000
0.259504269000000
0.116203074000000
-0.841733162000000
-0.167799995000000
-0.0612754150000000
1.13829988500000
-0.132244285000000
-1.38012303900000
-0.445963799000000
0.946440616000000
-1.66603409500000
1.04101429200000
-0.820210277000000
1.23592071200000
1.08895559100000
-0.659957663000000
-0.245937039000000
-0.209385437000000
1.16243019500000
-0.0275741410000000
-0.819926242000000
0.645953498000000
0.154396828000000
-1.14659170400000
-4.12055693400000
1.07010209700000
-0.720983329000000
-1.87885768500000
5.01694063300000
1.66808507000000
0.111861852000000
-1.27327507700000
-0.0523680890000000
-0.0899386570000000
0.174506965000000
-0.165061137000000
-0.468428159000000
1.85166806200000
0.0228960920000000
-0.582133511000000
-1.66116343600000
0.151495682000000
-0.710940034000000
-0.250985322000000
1.28115010700000
1.08688566600000
0.685690847000000
-2.98886782600000
0.893550857000000
-0.319722360000000
-1.39918468900000
0.805615122000000
1.30346988400000
1.11751049300000
0.587628519000000
-0.977007839000000
0.278600923000000
0.278600923000000
0.539298399000000
-0.0840781490000000
0.855669935000000
-0.0840781490000000
-0.807006043000000
-2.00290591400000
-2.20753302900000
1.61719384400000
0.999772176000000
-2.27751583400000
3.08875604600000
1.12058089700000
-0.338348186000000
-1.03245942000000
-0.831607359000000
1.38210287800000
0.204252756000000
-2.14019232000000
0.723821605000000
1.23179708900000
0.462284770000000
-0.520779377000000
-2.05143456900000
-0.564632650000000
-0.608735070000000
0.0812625300000000
2.15210249000000
1.25769970500000
0.254516943000000
-2.22433401600000
-0.0937796400000000
-0.347124244000000
-0.785423745000000
0.687640099000000
0.201841027000000
0.0324511690000000
2.52872935100000
-0.237119858000000
-0.536251566000000
0.421832274000000
-0.772629072000000
0.384385641000000
-0.692261743000000
0.896415517000000
0.535628807000000
-2.69319582700000
-0.140472741000000
0.410010378000000
0.293464777000000
1.10053394700000
-0.222226378000000
0.527012053000000
0.724873790000000
-2.05988840600000
-0.306366327000000
0.556754496000000
0.391781401000000
0.725060761000000
-0.983513673000000
1.52897249800000
0.147199251000000
-2.92373332900000
-1.01912428500000
0.995871277000000
-0.641441370000000
0.553012130000000
0.640408015000000
1.57851278000000
0.816494783000000
-1.33373798500000
0.357029219000000
0.275735673000000
-0.00671318200000000
-0.290992344000000
1.44168435700000
0.998421585000000
-1.44142732300000
-0.760205206000000
-0.760205206000000
0.635308177000000
-0.0457497290000000
-1.15677726500000
0.227907439000000
1.74969975400000
0.110022037000000
-1.05506722700000
-0.158266185000000
0.605862163000000
-0.0508651810000000
0.0562467550000000
0.0562467550000000
0.885165379000000
-0.339322459000000
-2.30740238700000
-0.362556201000000
-0.196277765000000
0.0467314360000000
-0.196277765000000
1.03492275800000
0.990429962000000
0.990429962000000
-1.30160579900000
-0.342986546000000
0.571940562000000
-0.965231337000000
0.264451320000000
0.416801458000000
0.416801458000000
0.939828886000000
-3.10776565300000
-0.665488070000000
2.18314922100000
-0.877431374000000
-0.770637908000000
2.18314922100000
1.05645625300000
-0.00143168900000000
0.0500662590000000
0.517656610000000
-0.411819650000000
-0.485102316000000
0.191366492000000
-0.635153651000000
-0.0555025130000000
0.828488770000000
-0.921396215000000
-0.303491688000000
-0.0170729140000000
0.601865045000000
-0.159596997000000
-0.339827308000000
0.798352492000000
0.341167585000000
0.439052334000000
-2.99822727400000
-0.321860699000000
0.563664178000000
-0.551281136000000
1.74132424100000
0.563664178000000
0.563664178000000
-1.66083305900000
-0.0658909930000000
0.277616565000000
-0.0658909930000000
-0.749165467000000
0.668079842000000
0.548728716000000
1.04735538900000
-4.28245179900000
0.520304532000000
1.18487058500000
1.01525310000000
-0.822343876000000
0.973502343000000
0.561582621000000
0.849282493000000
-1.35656778300000
0.817162891000000
-0.966222777000000
0.420250832000000
0.497474470000000
0.116451556000000
0.735174818000000
-0.263724007000000
-1.23039302100000
-0.0541291890000000
-0.189688081000000
0.737745768000000
-0.786762167000000
2.30997243600000
1.20115636800000
-1.98790211400000
-2.61797456200000
0.399590034000000
0.267392869000000
0.669821739000000
-1.07587675500000
2.48274753600000
0.223564933000000
-0.349265793000000
-2.74343793100000
-0.280282463000000
-0.434887440000000
-0.850293454000000
-1.34094862100000
2.37872410100000
2.30012182900000
0.971003979000000
-1.69388931200000
0.568072204000000
0.828271404000000
-0.297552993000000
-1.09671017400000
0.317631345000000
1.63027319900000
-0.256095673000000
-2.22653883400000
-1.39084840900000
-0.0629286280000000
0.821936020000000
0.316293988000000
1.17991738300000
1.08760548600000
0.274562993000000
-1.55218461400000
-0.133491418000000
-0.446717121000000
0.449896756000000
-0.328068012000000
-0.210974948000000
0.778898472000000
1.44264088500000
-2.44180790100000
0.498292704000000
0.176155409000000
-0.486601629000000
-0.272626168000000
0.176155409000000
1.43368059000000
0.916751586000000
-1.91102630200000
0.143214807000000
0.616452689000000
-0.803336624000000
0.822068960000000
-0.171484915000000
1.08281961200000
0.221291773000000
-2.09927539400000
-1.57390656200000
0.703407613000000
-0.325977685000000
-0.565359822000000
1.75676252500000
1.63738752500000
0.466961800000000
-0.863849179000000
-0.818634954000000
0.694151925000000
0.480799330000000
-1.56905387500000
0.825997250000000
1.51199332500000
-0.261403822000000
-0.741000323000000
-0.610215299000000
0.177358063000000
0.0542039150000000
-1.83442592800000
1.90547431600000
0.912376435000000
0.136228821000000
-2.26408281800000
0.860206007000000
0.575015558000000
-1.82691772300000
-0.862412547000000
1.25445948800000
1.92475036200000
0.338981673000000
-1.28058902600000
-0.364532678000000
0.799393308000000
-0.186299549000000
-2.00930689000000
1.45484424800000
1.68435019100000
-0.0978596050000000
-0.749007029000000
0.827785126000000
-0.445907155000000
-0.301276398000000
0.0867910180000000
0.192593044000000
0.407597584000000
-0.0185761900000000
-2.70101896900000
-0.866679855000000
0.356563908000000
-0.297087038000000
0.0110796320000000
1.27145282600000
1.82586491900000
0.399824578000000
-1.51709092900000
0.594154291000000
0.0983226210000000
-0.0231561680000000
-1.35318252100000
1.88107706100000
0.343031811000000
-0.0231561680000000
-2.82306904600000
1.41239527400000
1.72862964100000
-2.82306904600000
-1.59914388300000
5.32062993200000
1.33443396100000
-2.55080683300000
-1.64498578200000
0.179976342000000
0.0294803670000000
0.142287309000000
-0.350005578000000
-0.0457135100000000
1.47121736600000
0.217743486000000
-0.0512243430000000
-0.0852229020000000
-0.360485570000000
0.0506812030000000
-0.395602955000000
0.187039452000000
0.501973402000000
0.152841714000000
-0.519605145000000
0.382228144000000
0.512381167000000
-0.431164642000000
0.872608498000000
-0.564305873000000
2.05054459900000
-2.30268674900000
-2.23146805100000
-0.957413599000000
-0.726048149000000
-0.306790019000000
-1.19300812400000
4.02957843000000
1.64429857000000
-0.259149058000000
1.62383965100000
-2.43092124100000
0.156510003000000
-1.05196089400000
-1.86490202000000
4.31100293800000
1.24162992200000
-1.98519835800000
-1.70508333400000
-0.297083618000000
0.355390360000000
0.178679566000000
-1.58844037200000
2.68402243400000
0.583234022000000
-0.210719059000000
-0.385259923000000
-0.0999498660000000
-0.796826669000000
-0.344624956000000
-0.796826669000000
1.53921016700000
1.94038478400000
-1.05610686900000
-1.11444201600000
-0.278242648000000
-0.124851057000000
0.606881582000000
-1.06770728500000
0.940230253000000
0.896911360000000
0.141219812000000
-0.674456008000000
-1.01323087800000
-0.201718841000000
0.505789219000000
-0.798169854000000
0.630655153000000
1.67564302500000
-0.124511814000000
-1.27298710700000
0.199221698000000
-0.0937193500000000
-0.130335528000000
-0.0571485350000000
-0.240655155000000
1.32243996000000
0.273184017000000
-1.56958175900000
-0.872453993000000
0.133241173000000
-0.400148985000000
-0.525595367000000
1.19595596200000
1.57227910400000
0.466303865000000
-0.402058603000000
-2.04888498300000
-0.600196448000000
0.321952174000000
-1.98567060900000
3.31170764800000
2.00334726800000
-0.600196448000000
0.584839269000000
0.312865375000000
1.01036092500000
-0.647252081000000
-1.60375483200000
2.11306906000000
0.223077981000000
-1.99320569800000
-0.108827031000000
0.433959317000000
-0.339727630000000
-1.13098197700000
-0.697102720000000
1.27036365900000
1.02909919000000
-0.456782808000000
-0.257347194000000
0.113832653000000
0.0766064670000000
-0.882121711000000
-0.521939574000000
0.736483042000000
1.33396000400000
-0.599473687000000
-1.13711723500000
-0.594740849000000
0.836947485000000
-1.03801937500000
-2.18299770300000
3.49040731600000
1.76263759500000
-1.13711723500000
-1.03736939800000
0.437646170000000
1.53570506100000
-0.589895524000000
-0.643866207000000
1.70716603700000
1.88631382500000
-3.29569996300000
-1.77311128400000
-0.184256848000000
0.656543775000000
-0.302648470000000
-0.0274862340000000
0.0900408610000000
1.84356667000000
-0.302648470000000
-1.46377989400000
-0.383292262000000
-0.668959747000000
0.407686945000000
0.448243831000000
0.530136830000000
1.63413270000000
-0.504168403000000
-0.863343129000000
-0.0871549780000000
0.546959134000000
-1.03811022200000
0.0968271650000000
0.508383418000000
0.997445029000000
-0.161006417000000
-1.78048070400000
-0.738013191000000
0.493855684000000
0.198611861000000
-0.921881410000000
1.32609536600000
1.43160836800000
-0.00979597300000000
-0.526613958000000
-1.08779057800000
0.226231630000000
-0.153912698000000
-0.568293791000000
2.50741744700000
0.926763250000000
-1.32380130100000
-2.77891730300000
-0.284888478000000
-0.0451243780000000
-0.0451243780000000
0.00288058900000000
1.90038591900000
2.62048487400000
-1.36969684600000
-1.60340765600000
-0.317085253000000
0.0983506720000000
-0.400007188000000
-0.694414533000000
1.80582033900000
1.55233660700000
-0.441592987000000
-1.77240500100000
-0.876735334000000
-0.0211563280000000
0.227582129000000
-0.609509715000000
1.53649671100000
1.37131201000000
0.144415528000000
-1.77188184000000
0.248695993000000
0.207610672000000
0.709823913000000
-0.414693832000000
0.581539715000000
1.63971894700000
-1.20081356800000
-0.997429044000000
-1.42862725600000
0.799225547000000
-0.0822599430000000
-1.04316517300000
2.70280036600000
0.649047921000000
-0.599592419000000
-1.19483293100000
0.633772657000000
-0.0255086770000000
-0.183919763000000
-0.0255086770000000
-0.104766373000000
2.09559669500000
-1.19483293100000
-1.03879891800000
0.499448365000000
-0.313375049000000
-1.13237293100000
-0.814873694000000
1.32509625800000
1.22307210100000
0.251803867000000
-1.62207705500000
-0.138902227000000
0.729738459000000
0.158553212000000
-0.405845964000000
0.457761958000000
0.810525482000000
0.0102461350000000
-0.288307427000000
-0.371793479000000
-0.204615417000000
-1.54461196900000
-0.793223857000000
2.44631698600000
1.33714296000000
-0.580907797000000
-1.63716611700000
-0.00954877500000000
0.527988853000000
0.527988853000000
-1.10083379500000
0.699092619000000
1.63246314800000
-0.639984785000000
-0.681614280000000
-0.0319766310000000
0.462309288000000
-0.641713111000000
-0.803619340000000
0.786921628000000
1.24197743800000
-0.332284992000000
-0.818561710000000
-1.47881184500000
-0.768592779000000
-0.918437811000000
-2.10813755800000
3.26688245200000
1.48274306200000
1.34291618800000
-0.821282706000000
-0.863965847000000
-0.572494105000000
0.183925316000000
-0.907085398000000
1.77564601200000
0.817861150000000
0.387395578000000
-1.13653146500000
-0.460137008000000
-0.338301161000000
-0.257021636000000
-1.13653146500000
2.63209342600000
0.953450947000000
-0.257021636000000
-1.33447039000000
0.206451674000000
-0.0156109850000000
-0.465629654000000
-0.238194858000000
0.206451674000000
1.28469530000000
0.356307238000000
-1.47419704400000
0.163454194000000
0.0120779620000000
-0.406516212000000
-0.176845878000000
0.433130537000000
1.58787563700000
-0.138979195000000
-1.54804377600000
-0.0546090340000000
-0.131606000000000
-0.564608710000000
-0.131606000000000
0.997200915000000
1.33408964600000
0.0991829590000000
-1.07726265200000
0.360347689000000
-0.369395510000000
-0.942546816000000
-0.291918435000000
0.849815877000000
1.26552279000000
0.205437058000000
-1.85835332900000
-0.209936166000000
0.307793319000000
-0.250067256000000
-0.620924501000000
0.678448795000000
1.72534948500000
0.227689654000000
-1.82063620300000
0.276621271000000
-0.151159059000000
-0.190384531000000
-0.511350638000000
0.843761046000000
1.35441414300000
0.198733970000000
-1.18857330900000
-0.267495818000000
-0.348367909000000
0.0188447010000000
-0.881430178000000
2.77217215300000
0.734074173000000
-0.839223813000000
-1.58662381800000
-0.533281612000000
0.0265719880000000
0.422364780000000
-1.07459573900000
1.71426450500000
1.65190537100000
-0.620605475000000
-1.48002298800000
-0.117354306000000
-0.117354306000000
0.00888190600000000
-0.117354306000000
2.39654185900000
0.906685129000000
-1.48002298800000
-0.889246394000000
-0.980757333000000
-0.154837251000000
-0.202152179000000
-2.17650078500000
4.47748846300000
1.13943328700000
-1.21342780800000